{
  "cnn": {
    "cnn_filters_1": {
      "predictions": [
        [
          0.017600997640787788,
          0.015111646519635345,
          0.04631856882573875,
          0.5549384934108711,
          0.003047280939354697,
          0.07253352749145704,
          0.14185261951764358,
          0.00039621568492516585,
          0.13570033071813978,
          0.012500319251446726
        ],
        [
          3.661582359070608e-05,
          5.511392811806018e-05,
          3.779118205424054e-09,
          1.1236822208428841e-08,
          1.1633234676001193e-10,
          2.7517095529881127e-11,
          2.334841351486052e-11,
          2.407006320534841e-13,
          0.9999081335552934,
          1.2150961893261308e-07
        ],
        [
          0.10388843717183471,
          0.010864052884519072,
          0.006221840451506683,
          0.0031296846433513416,
          0.00302374289601494,
          0.00033600461452476,
          0.0001685501034463738,
          0.0001983040558786879,
          0.8655313892846224,
          0.006637993894301158
        ],
        [
          0.5063368701531126,
          0.09319202765233627,
          0.023897865319899066,
          0.0021273057095648265,
          0.00120056003550326,
          3.5571212383563795e-05,
          0.0007845981655186503,
          1.5478830846965142e-06,
          0.3715628427686236,
          0.0008608110999734046
        ],
        [
          0.0003582164253808641,
          1.8944514954931958e-05,
          0.25320784082135206,
          0.07929262110400223,
          0.1502248843311098,
          0.0021532949510791335,
          0.5143071134603813,
          7.581752815690418e-05,
          0.00028248121735236105,
          7.878564623048541e-05
        ],
        [
          1.7602444930708194e-05,
          0.0002475394405731218,
          0.0013450231831674815,
          0.010226140286224341,
          0.02608157400635421,
          0.004775502871793317,
          0.9567588489219112,
          0.00044696317245992864,
          1.0615103818581098e-05,
          9.019056876733316e-05
        ],
        [
          0.003888352043540027,
          0.6527750502528004,
          0.0021888889239600564,
          0.06497407180773465,
          0.001261488452126849,
          0.018378708665196735,
          0.003619935197671281,
          0.006308289364136332,
          0.0002064658059739126,
          0.2463987494868598
        ],
        [
          0.005472006628427111,
          0.00020601937891084426,
          0.11605539039350543,
          0.07846642506161876,
          0.2582604448462413,
          0.05299475407676569,
          0.46856720055420414,
          0.018504209846826224,
          0.0006814690463175661,
          0.0007920801671827182
        ],
        [
          0.00026379699860555795,
          3.119461998086652e-05,
          0.04690605241954795,
          0.484429659948318,
          0.04119973999310213,
          0.33884654164520145,
          0.05212188803011938,
          0.03594550444598938,
          2.493443898510111e-05,
          0.00023068746015036145
        ],
        [
          0.010681127224962577,
          0.7938851767431764,
          0.001812430409234162,
          0.0006669056303821174,
          9.635868649820953e-05,
          0.0001731206895462778,
          0.0006933311997731556,
          4.572561581453971e-05,
          0.0034137948308299373,
          0.18853202896978272
        ]
      ],
      "inference_time": 1.5413525104522705,
      "avg_time_per_sample": 0.15413525104522705
    },
    "cnn_filters_2": {
      "predictions": [
        [
          0.00031224474858709806,
          7.454816684803248e-06,
          9.687363685019989e-05,
          0.7619670793874661,
          0.0004349344017989757,
          0.2261641107809863,
          0.010691124332729122,
          0.00014795485453258063,
          0.0001283680966596834,
          4.985494370504563e-05
        ],
        [
          0.0009890347271093425,
          0.01877821343360878,
          4.877635254399565e-08,
          5.333600347462607e-07,
          6.850029013702432e-10,
          1.1574262622258563e-09,
          1.785516795676787e-08,
          1.74907403513119e-11,
          0.9801515246074021,
          8.062538040483501e-05
        ],
        [
          0.0038835664369131374,
          0.015151030038625668,
          0.00010102247624225003,
          0.0015398014996544792,
          3.672667929830556e-05,
          8.309951063477769e-05,
          0.000172359518173454,
          1.0463794969428353e-05,
          0.9704252384783634,
          0.008596691567125055
        ],
        [
          0.892857529559809,
          0.007358112201762528,
          0.0035036919288050222,
          0.0007793673158691455,
          0.0005307247962034896,
          4.2992158697906756e-05,
          2.9923474510838674e-05,
          0.00019232652474272154,
          0.0873855087109411,
          0.007319823328658337
        ],
        [
          2.333608325792093e-06,
          2.3292890262410713e-07,
          0.0277514072526173,
          0.014599250896290572,
          0.03288040106520935,
          4.207002587537897e-05,
          0.9246936658137235,
          9.90457601969747e-08,
          2.93354417745008e-05,
          1.2039215208910426e-06
        ],
        [
          0.00018576952580106362,
          9.058187153676002e-05,
          0.0020380606489932007,
          0.18249521460203263,
          0.024266946767893767,
          0.04271929671924619,
          0.7459673918440176,
          0.001252527878986819,
          0.00024797476160918114,
          0.0007362353798827668
        ],
        [
          0.0024966805911536298,
          0.5774324458493308,
          1.7959862669085934e-06,
          0.0002485816682810706,
          2.9283416870414674e-07,
          5.636120932250134e-05,
          2.5586100794487e-06,
          7.3909751888539e-05,
          6.28956537364563e-05,
          0.41962447784577167
        ],
        [
          0.005599309622414665,
          0.00018423819337977954,
          0.6011235198687728,
          0.05237316751426091,
          0.14967292219295578,
          0.008438117196717597,
          0.178854798833629,
          0.0018710056220478785,
          0.001322009983718346,
          0.0005609109721035168
        ],
        [
          1.2632720377244207e-05,
          2.0208106215274944e-08,
          0.007954587793859389,
          0.530253388366039,
          0.20925753206023703,
          0.24281775499992936,
          0.0035408077165878303,
          0.00616239258482936,
          9.991294765292554e-08,
          7.836370869360278e-07
        ],
        [
          0.01261166875165759,
          0.8162319208472056,
          8.151035743781792e-05,
          0.001057760951821553,
          3.340032987998924e-05,
          0.00019598888314881828,
          0.0008254643311309325,
          4.272627354540806e-05,
          0.014634800829716335,
          0.1542847584444562
        ]
      ],
      "inference_time": 3.173443078994751,
      "avg_time_per_sample": 0.3173443078994751
    }
  }
}